***********Holi_Derot_Recur_ICVL_V2 0.011353508132361904****************

_r012_21jnts_derot_patch40_8_16_1_1_adam_lm1000
0.011353508132361904=(0.0127368497901 *15+0.0078951539880166653*6)/21
0.0127368497901 =mean [0.01009362534733173, 0.014058275200881013, 0.01745809185125714, 0.0082567560001795826, 0.0112279129929065, 0.016493845699496718, 0.0085637043127224869, 0.011060538976258914, 0.016016808193367385, 0.0093371728193713741, 0.011970308768070865, 0.018775659366315867, 0.0097518995554083006, 0.01131611292400782, 0.016672034843828766]

_r012_21jnts_derot_patch40_14_28_1_1_adam_lm1000

0.01139833086250476=(0.0127996016123*15+0.0078951539880166653*6)/21
[0.010081305096266216, 0.01402230910246733, 0.017416144152766978, 0.0079245629829338502, 0.011209800261082023, 0.016567248115608384, 0.0085547199531145236, 0.011132190322996576, 0.016322348316755855, 0.0094757715864893215, 0.012200813319635946, 0.018917385789149213, 0.0098042203498531193, 0.011410243423694641, 0.016954961412239934]
0.0127996016123



bw_iter1
0.0078951539880166653=
[0.00880196727931,0.00950260421488,0.00703575133877,0.00648961540149,0.00717513567582,0.00804626902268]

***************icvl whole 0.0122752117318*****************
whl_initial
xyz err [ 0.01085836  0.01147674  0.01057548  0.01382007  0.01739996  0.008333
  0.00890046  0.0112915   0.01688738  0.00718279  0.0091645   0.01219082
  0.01757063  0.0078359   0.01031477  0.01305695  0.02091994  0.00861143
  0.01058182  0.01238762  0.01841932]
average all jnts 0.0122752117318


***********Holi_Derot_Recur_NYU_V2 0.020559604864285715******************************

compare with oberv 11jtns
0.018092771342328503 = (0.022825711657102329+0.022805534228858063+0.017261721448702128+0.019057347639859418+0.024136709143159376+0.016447879435*6+0.012338955380260719)/12
]

21jnts

 0.020559604864285715
(0.022204295036 *15+0.016447879435*6)/21

0.022204295036 = mean[0.019797401700552757, 0.022825711657102329, 0.026605390937872193, 
0.016840548695547655, 0.022805534228858063, 0.030711880779142654, 
0.014628905707669067, 0.017261721448702128, 0.024923158407641876, 
0.016556192123799832, 0.019057347639859418, 0.026329507125792365, 
0.02050671329514225, 0.024136709143159376, 0.030077702648558392]

bw_initial
[0.017918893531115383, 0.019362227459951094, 0.014948463064951069, 0.012338955380260719, 0.01500767024551211, 0.019111066927935478]
0.016447879435


average all jnts 0.0224499304331
xyz err [ 
0.02069065  
0.02235438  0.02234693  0.02439394  0.02769747  
0.01658131   0.01806086  0.02385694  0.03110067  
0.01404001  0.01605563  0.01909824   0.02563405  
0.01658657  0.01846019  0.0217813   0.03024511  
0.02094873   0.02263425  0.02633232  0.03254898]
bw_initial


(0.0158*6+0.0174*5+0.0202*5+0.0250*5)/21
bw_iter1
[0.017918893531115383, 0.019362227459951094, 0.014948463064951069, 0.012338955380260719, 0.01500767024551211, 0.019111066927935478]
0.016447879435


bw_initial
 0.018533608333333333
[0.02069065  ,0.02235438  ,0.01658131   ,0.01404001  ,0.01658657  ,0.02094873   ]



****************nyu whole 0.0224499304331***********************

xyz err [ 0.02069065  0.02235438  0.02234693  0.02439394  0.02769747  0.01658131
  0.01806086  0.02385694  0.03110067  0.01404001  0.01605563  0.01909824
  0.02563405  0.01658657  0.01846019  0.0217813   0.03024511  0.02094873
  0.02263425  0.02633232  0.03254898]
average all jnts 0.0224499304331



***********Holi_Derot_Recur_MSRC_V2 0.019527842486357146= **************
err
0.019527842486357146=(0.0217113799293*15+0.014068998879*6)/21

[0.017274975428998248, 0.025108762992827671, 0.027644410588832418, 
0.019041835972406249, 0.024413578852528907, 0.027025273261009085, 
0.015888974758448991, 0.020892468295199088, 0.021640661224371853, 
0.017226528109457611, 0.019846672963766437, 0.02206763974286052,
 0.020853418909534186, 0.021139313775963876, 0.025606184063709372]
0.0217113799293
 

bw_iter1
0.0140689988798
[0.014902779069438637, 0.013157018297321419, 0.0141171931653363, 0.011091403630682834, 0.01406067046918579, 0.017084928646555909]

bw_initial
0.016432473333333333=
(0.01760018  +0.0157926   +.01620701   +0.01244699  +0.01625412  +0.02029394 )/6


**********MSRC WHOLE 0.0213255106535***************



xyz err [ 0.01760018  
0.0157926   0.01932133  0.02690472  0.02895614  
.01620701   0.02045707  0.02576104  0.02864371  
0.01244699  0.01668508  0.02166852   0.02294485  
0.01625412  0.0185208   0.02096851  0.02355419  
0.02029394   0.02352971  0.02367081  0.02765439]
average all jnts 0.0213255106535






